0000000000000000000000000000000000000000
0000000000011000000000000000000000000000
0000111000011000000000000000000000000000
0001111100000011000000000010000000000000
0010100010000011100000001010000000000000
0011000100000011000000110000000000000000
0000000000011000000000110000000000001100
0000000000011000000000110000000000001100
0000000000000000000000001010000000000000
0000000000000010000000000010000000000000
0000000000000010100000000000000000000000
0000000000000011000000000000000000000000
0000000000000000000000000000000000000000
0000000000000000000000000000000000000000
0000000000000000000000000000000000000000
0000000000000000000000000000000000000000
0000000100000000000000000000000000000000
0000001000000000000000000000000000000000
0000001110000000000000000000000000000000
0000000000000000000000000000000000000000
0000000000000000000000000000000000000000
0000000000000000000000000000000000000000
0000000000000000000000000000000000000000
0000000000000000000000000000000000000000
0000000000000000000000000000000000000000
