0000000000000000000000000000000000000000
0000000000000011000000000000000000000000
0000000000000100000000000000000000000000
0000000000001000000000000010000000000000
0001000000001000000000000110000000000000
0011000000001000000000000000110000000000
0000000000000100000000000000111000000100
0000000000000011000000000000110000001100
0000000000000000000000000110000000000000
0000000000000000000000000010000000000000
0000000000000000000000000000000000000000
0000000000000000000000000000000000000000
0000000000000000000000000000000000000000
0000000000000000000000000000000000000000
0000000000000000000000000000000000000000
0000000000000000000000000000000000000000
0000000000000000000000000000000000000000
0000000000000000000000000000000000000000
0000000000000000000000000000000000000000
0000000000000000000000000000000000000000
0000000000000000000000000000000000000000
0000000000000000000000000000000000000000
0000000000000000000000000000000000000000
0000000000000000000000000000000000000000
0000000000000000000000000000000000000000